1.016730000000000018e+03
4.818634999999999877e+02
1.521013333333333151e+02
7.287308333333332655e+01
4.242544999999999789e+01
2.773606666666666598e+01
1.957845238095238116e+01
1.460362499999999919e+01
1.134963888888888839e+01
9.100377777777778121e+00
7.491190909090908789e+00
6.291924242424242308e+00
5.369596153846154074e+00
4.647280219780219213e+00
4.073823809523809736e+00
3.611412500000000136e+00
3.230213235294117968e+00
2.914967320261438122e+00
2.646657894736842209e+00
2.417163157894736791e+00
2.219940476190476186e+00
2.048803030303030237e+00
1.899428853754940638e+00
1.768157608695652305e+00
1.651846666666666685e+00
1.548630769230769255e+00
1.456367521367521345e+00
1.373597883597883706e+00
1.298928571428571432e+00
1.231137931034482769e+00
1.169666666666666632e+00
1.113739919354838737e+00
1.062547348484848442e+00
1.015516934046345909e+00
9.721260504201679753e-01
9.320158730158729643e-01
8.950825825825825532e-01
8.609886201991464594e-01
8.292577597840755654e-01
7.997435897435897223e-01
7.720975609756097757e-01
7.462369337979094519e-01
7.219158361018825909e-01
6.992071881606766182e-01
6.779292929292929371e-01
6.578840579710144576e-01
6.389500462534690728e-01
6.210771276595744572e-01
6.042814625850340127e-01
5.883877551020407770e-01
5.734196078431372801e-01
5.591553544494721750e-01
5.455224963715530340e-01
5.325611460517121198e-01
5.202929292929292515e-01
5.086493506493506844e-01
4.975908521303257781e-01
4.870326678765880546e-01
4.769491525423728562e-01
4.673954802259887020e-01
4.581748633879781374e-01
4.493283976731887730e-01
4.409114183307731860e-01
4.328050595238094878e-01
4.250649038461538631e-01
4.176270396270396201e-01
4.105404794210764652e-01
4.037247585601404509e-01
3.971930946291560294e-01
3.908964803312629521e-01
3.848309859154929180e-01
3.789788732394366311e-01
3.733390410958903893e-01
3.679229914846353089e-01
3.627135135135134969e-01
3.577070175438596400e-01
3.528981544771018219e-01
3.482484182484182345e-01
3.437650113599480806e-01
3.394256329113924386e-01
3.352330246913580170e-01
3.311713339355615848e-01
3.272450778724654841e-01
3.234308663224326197e-01
3.197310924369747842e-01
3.161751025991791919e-01
3.126958032611601435e-01
3.093377742946708531e-01
3.060789070480081642e-01
3.029051186017477915e-01
2.998315018315018121e-01
2.968537983755375476e-01
2.939422627395978926e-01
2.911210249370853598e-01
2.883516237402015681e-01
2.856820175438596343e-01
2.830852663230240540e-01
2.805417630969913589e-01
2.780725623582766537e-01
2.756616161616161631e-01
2.733425742574257522e-01
2.710531935546495741e-01
2.688235294117647389e-01
2.666420836445108078e-01
2.645155677655677828e-01
2.624159928122192231e-01
2.603808852054311229e-01
2.583895811699549738e-01
2.564339109751953560e-01
2.545195996663886517e-01
2.526453726453726789e-01
2.508156370656370315e-01
2.490170670037926692e-01
2.472605185530197258e-01
2.455278413424866468e-01
2.438403298350824422e-01
2.421861184792219179e-01
2.405526582645226841e-01
2.389510041304657439e-01
2.373690476190476184e-01
2.358119834710743767e-01
2.342785530415932849e-01
2.327695588431294149e-01
2.312785208497246392e-01
2.298096774193548464e-01
2.283587301587301777e-01
2.269247594050743666e-01
2.255118110236220552e-01
2.241157945736434176e-01
2.227358378056052690e-01
2.213758073987081854e-01
2.200266018968309034e-01
2.186933242196400229e-01
2.173751543036696321e-01
2.160641238253178387e-01
2.147674291938997948e-01
2.134816444826105608e-01
2.121987728763355396e-01
2.109347304764883912e-01
2.096736896197327893e-01
2.084270516717325328e-01
2.071915892518230162e-01
2.059588299024918689e-01
2.047329059829059716e-01
2.035253831417624393e-01
2.023141237600377673e-01
2.011098686049762607e-01
1.999168045596617094e-01
1.987239252675494505e-01
1.975387024608500908e-01
1.963545253863134832e-01
1.951777622865109862e-01
1.940054179566563508e-01
1.928376198964434352e-01
1.916677838290741509e-01
1.905090984284532885e-01
1.893516250204148321e-01
1.881960009675078815e-01
1.870452193296711918e-01
1.858993710691823897e-01
1.847554347826086962e-01
1.836197377501725403e-01
1.824801181549647600e-01
1.813485710010474539e-01
1.802195121951219448e-01
1.790956553486674208e-01
1.779687612726354451e-01
1.768448816652409550e-01
1.757237954353338960e-01
1.746004176818656550e-01
1.734774681802545571e-01
1.723531211750305991e-01
1.712320204328538764e-01
1.701119526941731463e-01
1.689881773399014575e-01
1.678659090909090934e-01
1.667430662557781162e-01
1.656195645273916273e-01
1.645006590923356882e-01
1.633795779019242833e-01
1.622584407612031876e-01
1.611356323234776344e-01
1.600159130486999148e-01
1.588967094321691587e-01
1.577679200940070581e-01
1.566489392618424792e-01
1.555292967626933365e-01
1.544072135624075526e-01
1.532953394123607038e-01
1.521729323308270709e-01
1.510548360429870285e-01
1.499351003490401457e-01
1.488198942141623626e-01
1.477031141498851563e-01
1.465855141422151842e-01
1.454709576138147609e-01
1.443574536413550213e-01
1.432453981438752966e-01
1.421349170092888470e-01
1.410241206030150851e-01
1.399149253731343245e-01
1.388059701492537490e-01
1.376954592010925238e-01
1.365872210953346932e-01
1.354777618364418901e-01
1.343705896282263723e-01
1.332608695652174047e-01
1.321520810107766619e-01
1.310445804195804198e-01
1.299382547277284083e-01
1.288300609343263348e-01
1.277248949298041836e-01
1.266197183098591583e-01
1.255164319248826266e-01
1.244133883938274288e-01
1.233137381567614016e-01
1.222147550776583047e-01
1.211176172155751934e-01
1.200230405094047242e-01
1.189304690743046844e-01
1.178403948992184230e-01
1.167498267498267434e-01
1.156647679069203738e-01
1.145805973734785321e-01
1.134994047619047597e-01
1.124192723697148566e-01
1.113434174106272684e-01
1.102705000386428602e-01
1.091988431778135316e-01
1.081289158913992660e-01
1.070632411067193729e-01
1.060007090610538827e-01
1.049383972177001662e-01
1.038808187520633836e-01
1.028248772504091746e-01
1.017722683014785356e-01
1.007228420224558357e-01
9.967804843456369579e-02
9.863401427516613196e-02
9.759588563458856947e-02
9.656120331950207580e-02
9.552981722163163270e-02
9.450175152195354478e-02
9.347719759832692765e-02
9.245751087320173978e-02
9.144217687074830681e-02
9.043053224054507788e-02
8.942470941622045200e-02
8.842223733644254124e-02
8.742570281124498188e-02
8.643139442231075054e-02
8.544520331372920663e-02
8.446232511449902614e-02
8.348417416202420782e-02
8.251165663115639370e-02
8.154488357843137081e-02
8.058259362840466955e-02
7.962597653304377687e-02
7.867588518751308935e-02
7.773032373032372211e-02
7.678912466843501594e-02
7.585768184609985310e-02
7.492946913186079860e-02
7.400550178592003869e-02
7.308905088622069668e-02
7.217690452546460245e-02
7.127087381374785924e-02
7.036908155849963542e-02
6.947553126560505887e-02
6.858708522649042960e-02
6.770671040043733935e-02
6.683131647492945859e-02
6.596288515406162345e-02
6.510013101253976642e-02
6.424538818845389188e-02
6.339525691699604559e-02
6.255271281326844901e-02
6.171674934420694897e-02
6.088729016786570414e-02
6.006618023553507435e-02
5.924949161159125816e-02
5.844085207339542315e-02
5.763940054632483989e-02
5.684492111680684856e-02
5.605658512478379346e-02
5.527493559072506335e-02
5.450110864745011385e-02
5.373390921409214316e-02
5.297409650134563691e-02
5.222181123970886379e-02
5.147327882450527387e-02
5.073541872616862264e-02
5.000292206274253165e-02
4.928014209096608089e-02
4.856255044390637293e-02
4.785261108566193217e-02
4.714862589862590242e-02
4.645289584886899692e-02
4.576384368476577730e-02
4.508205128205128309e-02
4.440830564784053330e-02
4.374161184572396277e-02
4.308198369505825132e-02
4.243008511377453773e-02
4.178494391716997686e-02
4.114743383692274353e-02
4.051723403802345858e-02
3.989519438216506536e-02
3.927951498339847525e-02
3.867178202317569230e-02
3.807188051032051046e-02
3.747876989034545220e-02
3.689338084705497123e-02
3.631529679900694085e-02
3.574471741987665652e-02
3.518123367490456205e-02
3.462504492273289769e-02
3.407664226335734015e-02
3.353581356834447330e-02
3.300195924764890570e-02
3.247546728971962421e-02
3.195642499177647755e-02
3.144453204622810194e-02
3.094064136375797996e-02
3.044301994301994510e-02
2.995299669655497946e-02
2.947064783024708895e-02
2.899492802267472288e-02
2.852657721106086411e-02
2.806613244911117244e-02
2.761219445207360387e-02
2.716521675827175686e-02
2.672582220774991774e-02
2.629263994533455676e-02
2.586683349718473315e-02
2.544829424307036222e-02
2.503620884555602874e-02
2.463197724439450051e-02
2.423399835925363691e-02
2.384226965122332106e-02
2.345790926341211058e-02
2.308029359812042297e-02
2.270983581402485907e-02
2.234524374533866653e-02
2.198769801145938549e-02
2.163650833542766355e-02
2.129199913378088116e-02
2.095374142899731826e-02
2.062197411322991628e-02
2.029807613589848514e-02
1.997875457875457686e-02
1.966637529137529178e-02
1.935962850888488587e-02
1.905971415310254297e-02
1.876581523036524243e-02
1.847792372210792580e-02
1.819650332042929697e-02
1.792028543260880055e-02
1.765036336191469143e-02
1.738610337356855454e-02
1.712796244998460865e-02
1.687531565173474787e-02
1.662861665372966299e-02
1.638724911452184296e-02
1.615158813788950681e-02
1.592170072610225168e-02
1.569631184764967713e-02
1.547757967065513732e-02
1.526378579003181274e-02
1.505478649381088337e-02
1.485109637939826567e-02
1.465271135843260013e-02
1.445941076421920421e-02
1.427069145962065085e-02
1.408755793226381357e-02
1.390929078014184472e-02
1.373546757717704174e-02
1.356637615258304841e-02
1.340257709650849449e-02
1.324295236772670380e-02
1.308737394667771822e-02
1.293688419837572649e-02
1.279134143507443255e-02
1.264924662750217463e-02
1.251197240259740301e-02
1.237844021263710334e-02
1.224920003748778199e-02
1.212412424411944863e-02
1.200315373810722716e-02
1.188623030782413881e-02
1.177283756311889307e-02
1.166383944882300704e-02
1.155826452718491937e-02
1.145606489195438032e-02
1.135809291267750494e-02
1.126294591484464959e-02
1.117192071852021393e-02
1.108407275673075655e-02
1.099929471921008532e-02
1.091810776942355940e-02
1.084039900249376444e-02
1.076562325529459990e-02
1.069380146414330296e-02
1.062538387833820638e-02
1.055928370614839240e-02
1.049650307121571466e-02
1.043645078127836655e-02
1.037957074721780615e-02
1.032491969893091673e-02
1.027342119386964042e-02
1.022402231321583276e-02
1.017722580492759661e-02
1.013252544723665209e-02
1.009076978863272106e-02
1.005104475874512432e-02
1.001332252085264211e-02
9.978036801328167907e-03
9.945096554335479053e-03
9.914069726279247860e-03
9.885327878167973412e-03
9.858500169664064991e-03
9.833053776271796428e-03
9.809418170817787302e-03
9.787958874169231174e-03
9.768312985571587365e-03
9.749958574979287682e-03
9.733317940429461745e-03
9.717929917485608471e-03
9.704648933620897353e-03
9.692578739090367337e-03
9.681325203690714643e-03
9.672112657901519792e-03
9.663630142844924567e-03
9.656399995742914744e-03
9.650670056676731098e-03
9.646050827797110136e-03
9.642212331786786245e-03
9.639823203034386667e-03
9.638187661871626399e-03
9.637606129633463636e-03
9.637291280148422776e-03
9.638470772924553898e-03
9.640256171925272455e-03
9.642740935065991989e-03
9.645460066808381541e-03
9.649216506272987465e-03
9.653193687864287248e-03
9.658137583892617214e-03
9.663736875596564899e-03
9.669586735956445939e-03
9.675634392707563314e-03
9.682612876008083944e-03
9.689484068842915687e-03
9.696540926374341840e-03
9.704555356537735225e-03
9.712020435704646001e-03
9.720094821298321322e-03
9.728340324692077296e-03
9.736802047359459367e-03
9.745050677275742326e-03
9.753560313118929750e-03
9.761904761904763306e-03
9.770039176086691562e-03
9.778059134579577052e-03
9.786290322580644060e-03
9.794683649453135577e-03
9.802547536554209046e-03
9.810300334925602106e-03
9.818262169008438664e-03
9.825023817084789154e-03
9.832316935447440662e-03
9.839144985425887779e-03
9.845827211810655524e-03
9.852409880375731857e-03
9.858139018432155246e-03
9.863423264042459407e-03
9.868576361362154173e-03
9.873292808083997812e-03
9.877577938697252105e-03
9.881393528183715982e-03
9.885135135135135476e-03
9.887768393992460089e-03
9.889650610379456877e-03
9.891774891774892525e-03
9.893158388003749776e-03
9.893810190488312034e-03
9.893781529647373632e-03
9.893333221126333205e-03
9.892512320225284664e-03
9.890363507366136189e-03
9.888191529157487961e-03
9.885292997532827558e-03
9.881759263840102919e-03
9.877228568378349643e-03
9.872081135239029609e-03
9.866283805799933720e-03
9.859844551178036792e-03
9.853054067376144573e-03
9.845393598441862931e-03
9.836472945891782185e-03
9.827584830339321925e-03
9.817496481141302356e-03
9.806539250552461992e-03
9.795591530183975909e-03
9.783199748546283353e-03
9.770555316401205795e-03
9.756764974156277581e-03
9.742424948360743631e-03
9.727000603313584390e-03
9.711313995146192077e-03
9.694562756609492390e-03
9.677294826320938237e-03
9.659250121832357872e-03
9.640438103473123604e-03
9.620868119829246654e-03
9.600248363061640242e-03
9.579191219468310634e-03
9.557664876813812965e-03
9.535154477351008226e-03
9.511634800652141522e-03
9.487413258526502385e-03
9.462755826181600341e-03
9.437448261210375569e-03
9.410914716915037143e-03
9.383969465648855229e-03
9.356871265616512404e-03
9.328612347674259189e-03
9.299709619918347311e-03
9.269920375780489261e-03
9.240289617291435470e-03
9.209217212095369490e-03
9.177569630290415351e-03
9.145318737744925416e-03
9.112436846062495904e-03
9.079001715145787813e-03
9.045229460175756991e-03
9.010360210122570629e-03
8.975203007206495123e-03
8.939485899124773385e-03
8.902940974369544930e-03
8.866125830081467846e-03
8.828498543765474216e-03
8.790612491760276329e-03
8.751963492579352064e-03
8.712999190501889354e-03
8.673320563228821209e-03
8.633371503572601080e-03
8.592888882958138810e-03
8.551945807240769054e-03
8.510746812386157933e-03
8.468833525820821176e-03
8.426674820484493164e-03
8.384044867258957576e-03
8.340949595576473835e-03
8.297394867791978504e-03
8.253645732062997453e-03
8.209414515066581347e-03
8.164771593855974299e-03
8.120139009111251860e-03
8.074591106567850785e-03
8.029348102877514187e-03
7.983678104046536272e-03
7.937807753329582591e-03
7.891551087764382688e-03
7.845069980543526236e-03
7.798461490353044215e-03
7.751634353518923638e-03
7.704436495516308811e-03
7.657274932547835332e-03
7.609749329386736490e-03
7.562048729529602560e-03
7.514420780620431096e-03
7.466621511124128807e-03
7.418683984895196350e-03
7.370822602635963665e-03
7.322554347826086725e-03
7.274395821297900688e-03
7.226286783446175289e-03
7.178287346636308408e-03
7.129682568042403946e-03
7.081369814232299324e-03
7.033139923464106283e-03
6.984992897266774532e-03
6.936899363236918685e-03
6.888683994848377769e-03
6.840786441469035549e-03
6.792739154955782475e-03
6.744747302668937378e-03
6.696868900361503153e-03
6.649276279819285769e-03
6.601737933407898599e-03
6.554282709105043597e-03
6.506711179982679893e-03
6.459422783200186383e-03
6.412641824406530196e-03
6.365912808076250491e-03
6.319882409811923736e-03
6.273732094138474540e-03
6.227631336508450410e-03
6.181830829159710647e-03
6.136300610094287504e-03
6.090817629532175627e-03
6.046015768334407452e-03
6.001312422435284635e-03
5.957035739696787610e-03
5.912445790033548677e-03
5.868688186775844300e-03
5.825430287002514133e-03
5.782208754645233074e-03
5.739427710032571003e-03
5.697110353894448490e-03
5.654851684263449522e-03
5.613211570653274529e-03
5.571812679671185424e-03
5.530865178358624137e-03
5.490550100306197667e-03
5.450467279883811945e-03
5.410588870880605507e-03
5.371540902698266132e-03
5.332508207827400815e-03
5.294088618773050772e-03
5.256276827645484095e-03
5.218680484947329536e-03
5.181478166028727871e-03
5.144871794871794767e-03
5.108830670926517437e-03
5.073197079250551210e-03
5.038120054043621239e-03
5.003265723572954821e-03
4.968960557195850787e-03
4.935401101803637419e-03
4.902004052237758126e-03
4.869368288439618331e-03
4.837287763940177621e-03
4.805360292108596700e-03
4.774154409944039723e-03
4.743491010337371437e-03
4.713340846345772002e-03
4.683724079061622053e-03
4.654636150234741504e-03
4.625853159126364945e-03
4.597785780590102171e-03
4.570379306502328140e-03
4.543314046153994375e-03
4.516731667388897142e-03
4.490988072095422959e-03
4.465405945995089970e-03
4.440628160360257475e-03
4.416338526508018295e-03
4.392532890837975643e-03
4.369159872385678517e-03
4.346639902745186995e-03
4.324378282396490122e-03
4.302583699790662498e-03
4.281579008800802735e-03
4.261008192142990043e-03
4.240705163900954436e-03
4.221361720633070441e-03
4.202462052202148544e-03
4.183956407780383205e-03
4.166070691789300340e-03
4.148593863550146220e-03
4.131704738600064722e-03
4.115216522197387428e-03
4.099284355466980417e-03
4.083948610264399350e-03
4.068821445133288979e-03
4.054596953020495574e-03
4.040595938168506547e-03
4.027307409142627699e-03
4.014235825344217995e-03
4.001867326662409026e-03
3.989864147739333872e-03
3.978399566139478698e-03
3.967293109132872218e-03
3.956717072101687688e-03
3.946666899740413834e-03
3.936963786965747697e-03
3.927930628505393179e-03
3.919236766871696774e-03
3.910879329705450359e-03
3.903199968995052158e-03
3.895677599687423585e-03
3.888482186432405934e-03
3.881803047765398917e-03
3.875742163392990273e-03
3.869848625663615486e-03
3.864438407636843539e-03
3.859338610051642367e-03
3.854693843209019283e-03
3.850374378657270193e-03
3.846523844976284384e-03
3.842804594249680725e-03
3.839693767647658473e-03
3.836895901146517972e-03
3.834387662283965815e-03
3.832166592456999390e-03
3.830250808828667992e-03
3.828760693745875045e-03
3.827549560596770796e-03
3.826635418789484534e-03
3.825995423712970096e-03
3.825627246679878194e-03
3.825407345144187388e-03
3.825576241134751726e-03
3.825889538504811775e-03
3.826766731711616753e-03
3.827603704680395368e-03
3.828858980182161652e-03
3.830211168279067796e-03
3.831837721122798458e-03
3.833874587145814309e-03
3.835707644546701000e-03
3.837947521224478482e-03
3.840453663983075736e-03
3.843048013439074890e-03
3.845768760275199843e-03
3.848711941974258029e-03
3.851623850829649556e-03
3.855064904960593501e-03
3.858317922638311234e-03
3.861807046999204528e-03
3.865415340053562649e-03
3.869103566325087992e-03
3.873023433034863787e-03
3.876907001044931685e-03
3.880887150863392056e-03
3.884963042459603499e-03
3.888983101946064808e-03
3.893379934983182220e-03
3.897606956130652590e-03
3.902039275489074636e-03
3.906451516710278751e-03
3.910936727494414809e-03
3.915234758753638120e-03
3.919772256728778180e-03
3.924123208070320369e-03
3.928564862310766903e-03
3.932949748983281466e-03
3.937442855575467443e-03
3.941879126089652303e-03
3.946277158789571540e-03
3.950764185407015100e-03
3.955086180697260992e-03
3.959208342354044938e-03
3.963312161505658758e-03
3.967487465500967210e-03
3.971626255467502857e-03
3.975603835416919966e-03
3.979528259902091573e-03
3.983435419440745605e-03
3.987148341218800865e-03
3.990703851261620180e-03
3.994349745139689004e-03
3.997575842745972573e-03
4.001016153334033439e-03
4.004039895717570463e-03
4.007173156084111940e-03
4.009997879448378225e-03
4.012672491505443230e-03
4.015440210249671300e-03
4.017800173138672860e-03
4.020133951146014767e-03
4.022184405728283264e-03
4.024210382233172484e-03
4.025956074335739626e-03
4.027559819036564265e-03
4.029005731203824485e-03
4.030193433029908429e-03
4.031226250992180765e-03
4.032004312159953759e-03
4.032630390516320391e-03
4.032988357050452943e-03
4.033347707345119604e-03
4.033191631241143764e-03
4.032906551380112739e-03
4.032725656436996799e-03
4.031920278706911318e-03
4.031006728684524351e-03
4.029952931108258044e-03
4.028530155290718437e-03
4.026986845509232700e-03
4.025193285710086492e-03
4.023037375869888306e-03
4.020781879630833631e-03
4.018152055882399931e-03
4.015296274382377725e-03
4.012200156089757927e-03
4.008994229024724631e-03
4.005454749643034586e-03
4.001664292915553187e-03
3.997544982058256341e-03
3.993099341459997384e-03
3.988409286546958088e-03
3.983761861761956659e-03
3.978524698966531131e-03
3.973096347483969296e-03
3.967431124863601659e-03
3.961577912239923338e-03
3.955397371714642826e-03
3.948767166042446881e-03
3.942188847481794926e-03
3.935165200324220770e-03
3.928055860176081146e-03
3.920521615524859976e-03
3.912673581677788594e-03
3.904529535300611028e-03
3.896306452206559079e-03
3.887668433097945467e-03
3.878740710219902299e-03
3.869616842489838511e-03
3.860207248850473696e-03
3.850726191990983937e-03
3.840841848221922174e-03
3.830557272275063666e-03
3.820116083243113494e-03
3.809594523243814077e-03
3.798694011425903655e-03
3.787611464873078589e-03
3.776154739569373506e-03
3.764519770654466482e-03
3.752633871813793476e-03
3.740351157269854090e-03
3.728028524578560696e-03
3.715328037658134370e-03
3.702355271846796865e-03
3.689346539755409670e-03
3.675966329612299823e-03
3.662435971399101691e-03
3.648654933364338382e-03
3.634610644745045471e-03
3.620435295751180029e-03
3.605884661556930503e-03
3.591307026407685246e-03
3.576271916598457948e-03
3.561198177807064873e-03
3.545886139264747133e-03
3.530223579496040865e-03
3.514540266995884194e-03
3.498609455701231271e-03
3.482447200045297227e-03
3.466154137281428783e-03
3.449520009692788863e-03
3.432856588689682693e-03
3.416080091982388878e-03
3.399163484269867447e-03
3.382024165389735729e-03
3.364552471542180123e-03
3.347181478765250823e-03
3.329467193237719246e-03
3.311633372502937375e-03
3.293681004948610658e-03
3.275514753232171283e-03
3.257136267917886980e-03
3.238834791897777284e-03
3.220213696234355306e-03
3.201493473211267614e-03
3.182647768412062098e-03
3.163799723753157791e-03
3.144746460188970610e-03
3.125570591254085446e-03
3.106286598165948400e-03
3.086908829879043709e-03
3.067210098279044093e-03
3.047915328623421009e-03
3.028207558504318522e-03
3.008502681061556248e-03
2.988681240997347922e-03
2.968770714789498340e-03
2.948838009073713635e-03
2.928817451205510680e-03
2.908696636787832211e-03
2.888568365963618129e-03
2.868341105265779546e-03
2.848002615233736871e-03
2.827866927592954764e-03
2.807438184345761954e-03
2.787095165492217003e-03
2.766759700529437989e-03
2.746315544523735604e-03
2.725879682179341724e-03
2.705529430841575877e-03
2.684994722690888479e-03
2.664456321774289014e-03
2.644003885778561849e-03
2.623458443330655126e-03
2.603100719955413114e-03
2.582459855571467462e-03
2.562006607282197972e-03
2.541638755829678503e-03
2.521267607409929425e-03
2.500805262389716767e-03
2.480516121904799941e-03
2.460148658093899363e-03
2.439853523802382185e-03
2.419555566640063746e-03
2.399454033285554951e-03
2.379336715058609237e-03
2.359216253644856338e-03
2.339265850945495152e-03
2.319324207670489524e-03
2.299268366510725994e-03
2.279590328370816391e-03
2.259797724399494404e-03
2.240099251943480137e-03
2.220567609430073360e-03
2.201214006342623423e-03
2.181855271529805056e-03
2.162479463805411315e-03
2.143268172971143307e-03
2.124148080240286819e-03
2.104841893427311390e-03
2.086047539440057021e-03
2.067162623040400948e-03
2.048534634286329481e-03
2.029887608275467072e-03
2.011495621282614193e-03
1.993178950969700519e-03
1.974937236410705208e-03
1.956935705161564915e-03
1.938925081433224944e-03
1.921070420014084476e-03
1.903382584846640205e-03
1.885930970438012789e-03
1.868456768456768381e-03
1.851228766563539760e-03
1.834163946495930876e-03
1.817156753338541181e-03
1.800380924984224928e-03
1.783684618678889160e-03
1.767206033516972082e-03
1.750886259179524522e-03
1.734712887956612335e-03
1.718685091723642531e-03
1.702893655028684533e-03
1.687154348919054844e-03
1.671649381094418270e-03
1.656365982255212635e-03
1.641132539039172030e-03
1.626130106722860303e-03
1.611266873177018624e-03
1.596699991651831648e-03
1.582281330982792007e-03
1.567987580207415819e-03
1.553918931037575214e-03
1.539984563240377182e-03
1.526094420792488285e-03
1.512582483436479379e-03
1.499201913628825291e-03
1.486029615661915585e-03
1.473075433062150498e-03
1.460238669600332200e-03
1.447606849665364478e-03
1.435101775041191857e-03
1.422810541451260610e-03
1.410786654691230943e-03
1.398820844427539015e-03
1.387207326304583507e-03
1.375704511266738093e-03
1.364333507125477804e-03
1.353223638570933080e-03
1.342319266356727277e-03
1.331608387683153993e-03
1.321003692644441866e-03
1.310676585040741315e-03
1.300453770154153151e-03
1.290431014364290876e-03
1.280660558769988050e-03
1.271087599894242092e-03
1.261615226665815459e-03
1.252327815940628775e-03
1.243213690862163224e-03
1.234377577303236943e-03
1.225712301968340202e-03
1.217227399568262137e-03
1.208911307271963095e-03
1.200700119133513459e-03
1.192823488287881022e-03
1.185049641656797008e-03
1.177440536991098807e-03
1.170005616925669191e-03
1.162816528294209270e-03
1.155726785081621823e-03
1.148880563068092496e-03
1.142121662333374626e-03
1.135531965280423255e-03
1.129182413978063911e-03
1.122999807210333474e-03
1.116983171158042161e-03
1.111131537825167876e-03
1.105443944999948960e-03
1.099838058656944870e-03
1.094465695351330096e-03
1.089335610845333820e-03
1.084284602084871138e-03
1.079392948679138700e-03
1.074649651766544818e-03
1.070073949302818373e-03
1.065644803119753133e-03
1.061381381381381250e-03
1.057192807192807154e-03
1.053228208916831771e-03
1.049416620398286194e-03
1.045826663435986837e-03
1.042318289032923007e-03
1.038881141014608806e-03
1.035376618146138187e-03
1.032238615406440643e-03
1.029238834615445143e-03
1.026327409747912521e-03
1.023552800383895935e-03
1.020923986347802665e-03
1.018449874945861902e-03
1.015964064790854816e-03
1.013690111833347954e-03
1.011568597028819844e-03
1.009511532297400864e-03
1.007528209051236981e-03
1.005753165301318062e-03
1.004040870518963218e-03
1.002410170728428593e-03
1.000908514157679112e-03
9.994777648334872595e-04
9.981079698191592554e-04
9.970941310975609938e-04
9.959302049160842236e-04
9.948353519306217009e-04
9.938754788038144886e-04
9.929741768858739871e-04
9.920084538669838789e-04
9.913082783234300477e-04
9.906089519470071426e-04
9.901074615217212837e-04
9.896060562370216293e-04
9.891608032218577283e-04
9.887807061720104915e-04
9.885398554636741584e-04
9.883538367493306057e-04
9.880925226383010032e-04
9.880339823795070923e-04
9.879738417202393614e-04
9.879674239113801423e-04
9.880972317046464188e-04
9.881512583433435092e-04
9.883315917798675757e-04
9.885734673900116454e-04
9.887395654706791596e-04
9.890399323403107918e-04
9.893373550964568684e-04
9.896863225747876656e-04
9.901046622264510905e-04
9.904472655048784848e-04
9.908499705711365079e-04
9.912403524041729034e-04
9.916994163511605453e-04
9.922177940542870490e-04
9.928668186118517168e-04
9.934400781181538208e-04
9.940094000296317237e-04
9.945748035704740728e-04
9.951985488947771592e-04
9.956850570917888214e-04
9.963008434714670271e-04
9.969125541982896618e-04
9.974496099403437534e-04
9.981238273921201609e-04
9.987146371355573593e-04
9.993102576793067102e-04
9.999632124951388697e-04
1.000489583242265054e-03
1.001073326526872491e-03
1.001714118483214028e-03
1.002229069007247063e-03
1.002809783391559644e-03
1.003317309774370966e-03
1.003881732514913180e-03
1.004321518192141834e-03
1.004766555900658441e-03
1.005268397695247961e-03
1.005637936360828048e-03
1.006012950971322878e-03
1.006384859640813102e-03
1.006753677656540462e-03
1.007059793589625690e-03
1.007371571411566679e-03
1.007621084434486740e-03
1.007800203645629541e-03
1.007985415877482496e-03
1.008109166531626468e-03
1.008239189223342691e-03
1.008367039749745626e-03
1.008366824132176905e-03
1.008247623069215022e-03
1.008260979375149311e-03
1.008147387576903550e-03
1.007982535079825432e-03
1.007808289362494914e-03
1.007591493940254322e-03
1.007307520829500659e-03
1.006965009512780177e-03
1.006696391710015619e-03
1.006245765687355763e-03
1.005795117424348323e-03
1.005237691670936859e-03
1.004680634795724432e-03
1.004066670485136452e-03
1.003404277562968544e-03
1.002620345096351092e-03
1.001853883389269969e-03
1.000966701597900922e-03
1.000145960542000133e-03
9.991565703332924882e-04
9.981206409535444898e-04
9.970868195521831717e-04
9.959987440725862062e-04
9.948084928556504090e-04
9.935647519758183683e-04
9.923318754073890986e-04
9.909899108103484289e-04
9.895953019277417204e-04
9.881563017713776518e-04
9.866095493424034343e-04
9.850746742475829584e-04
9.834327852124614706e-04
9.817477263740609882e-04
9.800118413262285527e-04
9.782254086281975698e-04
9.763965715796031272e-04
9.744077794319959927e-04
9.724872038063287621e-04
9.704701767564141626e-04
9.683415970731676587e-04
9.662346127576495851e-04
9.640168054407536376e-04
9.617664654375374361e-04
9.594605075386237374e-04
9.571224621254350619e-04
9.547370519960490581e-04
9.522505327183990956e-04
9.497173574850207396e-04
9.471531589710472125e-04
9.445427629003961059e-04
9.417715079835686136e-04
9.390773268726025202e-04
9.362842397776895750e-04
9.334537445605370267e-04
9.305251882519236786e-04
9.276130125854752887e-04
9.246034273099164790e-04
9.216029061187422031e-04
9.184603180599100729e-04
9.153875856742928457e-04
9.122187289197263493e-04
9.090143864021368305e-04
9.057147358707151206e-04
9.023727137913988439e-04
8.990483681397720868e-04
8.956893759245740990e-04
8.921841680562572459e-04
8.887492190056826055e-04
8.852208262793667985e-04
8.816513747867068835e-04
8.781002896242876997e-04
8.744640741298868349e-04
8.707284338451100943e-04
8.670705761968212173e-04
8.633210898331914601e-04
8.595905083870362734e-04
8.558201600712469223e-04
8.519590854920196113e-04
8.481172494836030588e-04
8.442362789016710171e-04
8.403236647085010483e-04
8.363723239091947620e-04
8.323317264127007807e-04
8.283687943262411837e-04
8.243097578878620180e-04
8.203210083476018474e-04
8.162438024800160565e-04
8.121864263020946509e-04
8.080411601773848217e-04
8.039159220082209550e-04
7.997462644085056660e-04
7.956038244499784263e-04
7.914172083475881940e-04
7.872578108879260076e-04
7.830544786053522232e-04
7.788216339185168166e-04
7.746019205228625581e-04
7.703458170484341972e-04
7.661099704365372876e-04
7.618379456663229360e-04
7.575791670651506457e-04
7.533406063567347002e-04
7.490100432427129447e-04
7.447488840066609963e-04
7.404590070493960669e-04
7.361754413858799312e-04
7.318633641557168888e-04
7.276132888518210438e-04
7.232792117679711719e-04
7.190139664533576726e-04
7.147065779810042683e-04
7.104194110515516317e-04
7.061454901366124312e-04
7.019398168218383060e-04
6.976921523286632202e-04
6.934095809763136898e-04
6.891949999726115121e-04
6.849455529807436157e-04
6.807556080283353730e-04
6.765315466311287804e-04
6.723708232323644812e-04
6.682242482931341314e-04
6.640910909078582896e-04
6.598697747455056989e-04
6.557621199671323118e-04
6.516171424793531369e-04
6.475347232044355306e-04
6.434648125983404542e-04
6.394066943247270771e-04
6.353609970631247331e-04
6.313263379337385886e-04
6.273534488747802094e-04
6.233913565426169858e-04
6.194899623797316558e-04
6.155499361165509865e-04
6.116703699869123403e-04
6.077025626618394330e-04
6.038434314367554200e-04
5.999940559925501845e-04
5.962526506799456028e-04
5.924719036032905124e-04
5.888958555972243413e-04
5.852315303906193041e-04
5.815750167053182007e-04
5.779766529839129368e-04
5.743858911353358354e-04
5.708040123034236390e-04
5.673260173396859436e-04
5.638078032803929855e-04
5.603455994269854407e-04
5.569385013401942797e-04
5.535869033791806062e-04
5.502421260605121212e-04
5.469035048702031035e-04
5.436192930448807475e-04
5.403892418728024460e-04
5.372131038163864038e-04
5.340419535628502818e-04
5.309717026378896936e-04
5.278595015361512485e-04
5.247999051477731953e-04
5.217920372286734667e-04
5.188833184010370209e-04
5.159787601187606305e-04
5.130789869723180376e-04
5.102295191443022640e-04
5.074307592646143004e-04
5.046824766443511624e-04
5.019844416751632638e-04
4.993357974389556371e-04
4.966905200181189958e-04
4.941406837247060927e-04
4.915932856356631468e-04
4.890945307182686247e-04
4.866491856096737036e-04
4.842563844646560951e-04
4.818928936319365024e-04
4.795815416689934874e-04
4.773035058265238354e-04
4.750586375309888204e-04
4.728659334904425447e-04
4.707146741710763389e-04
4.686009788530797067e-04
4.665332841600590224e-04
4.645070858178087137e-04
4.625258730666431586e-04
4.605906658786879972e-04
4.586963692337763941e-04
4.568464578454332339e-04
4.550370773613145528e-04
4.532723008062956773e-04
4.515428209293347451e-04
4.498575705783240761e-04
4.482157445340724327e-04
4.466183548609676222e-04
4.450591678852548337e-04
4.435392162059278456e-04
4.420625327006693934e-04
4.406247185343973747e-04
4.392243994503505040e-04
4.378715828742047898e-04
4.365523069769332298e-04
4.352711952402833458e-04
4.340316506983173638e-04
4.328293212256204025e-04
4.316604752225414914e-04
4.305380101559692224e-04
4.294516491976076373e-04
4.283982735174126310e-04
4.273818674279857835e-04
4.264016749719718412e-04
4.254581216541346062e-04
4.245422278635733082e-04
4.236708853332394600e-04
4.228315900598848820e-04
4.220195185182585348e-04
4.212473980417855406e-04
4.205016357688113400e-04
4.198048223778829357e-04
4.191265046231697732e-04
4.184828543829993220e-04
4.178661807171233679e-04
4.172838863135232886e-04
4.167329272943705288e-04
4.162039312889892029e-04
4.157048656359063014e-04
4.152321446444575152e-04
4.147856502860293232e-04
4.143698529580437033e-04
4.139794613029829833e-04
4.136149332821041874e-04
4.132721567982681186e-04
4.129595850196659721e-04
4.126600073991861049e-04
4.123943937322189840e-04
4.121467028626941607e-04
4.119196877804671931e-04
4.117189135366632990e-04
4.115307050496263327e-04
4.113685435999485385e-04
4.112233013208257157e-04
4.110954650206779365e-04
4.109888875786825782e-04
4.108995492161744353e-04
4.108234540641976930e-04
4.107683690478985722e-04
4.107269441197779463e-04
4.106985609666380268e-04
4.106837178759446816e-04
4.106862441112633802e-04
4.107016233647338790e-04
4.107225960004254740e-04
4.107607541157726801e-04
4.108127067947435918e-04
4.108701191685667532e-04
4.109445321948543761e-04
4.110210222760897936e-04
4.111105620075226723e-04
4.112021273679304905e-04
4.113072061457872597e-04
4.114142580371473422e-04
4.115352829370914900e-04
4.116620427651839485e-04
4.117907019778162475e-04
4.119169041547922870e-04
4.120498847952524168e-04
4.121766091111349491e-04
4.123176643725923033e-04
4.124492155422051316e-04
4.125869485704667457e-04
4.127114435096632529e-04
4.128824634291701425e-04
4.130122565606436430e-04
4.131406904466933543e-04
4.133084706333454809e-04
4.134346778919989495e-04
4.135606089731267451e-04
4.136857314998960370e-04
4.138100486085599639e-04
4.139340950509619180e-04
4.140578716139457966e-04
4.141808489998950130e-04
4.143040889241762868e-04
4.144265327695560307e-04
4.145492391616422637e-04
4.146332080109364640e-04
4.147170232315333356e-04
4.148012107071917271e-04
4.148081100651701569e-04
4.148936727617207358e-04
4.149021663721036814e-04
4.149112468078525423e-04
4.149214331921287141e-04
4.148941712118607312e-04
4.149456247509600098e-04
4.149206609750067071e-04
4.148590302977491254e-04
4.148370288650288966e-04
4.147789748072138773e-04
4.147222084500524846e-04
4.146290772417094111e-04
4.145378460245478141e-04
4.144490211505530994e-04
4.143245935648191347e-04
4.141636909218074500e-04
4.140058965512650904e-04
4.138506863169175262e-04
4.136602675380373988e-04
4.134725196288365563e-04
4.132497574078430142e-04
4.129926395750699265e-04
4.127764477016080519e-04
4.124884671148016171e-04
4.121664650228051450e-04
4.119228082307422657e-04
4.115703947793500437e-04
4.112593957674688465e-04
4.109151402584197655e-04
4.105377706068328377e-04
4.100897842327483312e-04
4.096832528383745190e-04
4.092444276274761410e-04
4.088099319775491121e-04
4.083058832924077778e-04
4.078063386880055705e-04
4.072754473435106701e-04
4.067491260557157566e-04
4.061911284479250133e-04
4.056387586603363705e-04
4.050177615058827402e-04
4.044391269410617016e-04
4.037921348314607063e-04
4.031145278927656230e-04
4.024792697030092408e-04
4.017765966125149898e-04
4.010431082033373649e-04
4.003156896068434632e-04
3.995581045965930500e-04
3.987704817893496863e-04
3.980246848513950726e-04
3.972133314100590026e-04
3.963717357641798511e-04
3.955364735954592249e-04
3.946356992419904324e-04
3.937414103585503322e-04
3.928177715318287170e-04
3.919006689276763647e-04
3.909543664581885533e-04
3.899789883568509233e-04
3.889746583365497100e-04
3.879775433173491888e-04
3.869156286053792746e-04
3.858960595807493441e-04
3.847770008662483631e-04
3.837003348368972521e-04
3.825952532769265639e-04
3.814618769278870078e-04
3.803355465124581012e-04
3.791458922502910695e-04
3.779634260023959969e-04
3.767881214699709343e-04
3.755844522218887752e-04
3.743530112451963552e-04
3.730589856878516576e-04
3.718072850279439414e-04
3.705280689316887673e-04
3.692209839875668477e-04
3.679213572816810232e-04
3.665944699164580480e-04
3.652053247639727241e-04
3.638579722531051015e-04
3.624490622980700624e-04
3.610823588653275739e-04
3.596538606595924025e-04
3.582326415334726615e-04
3.568186757158857089e-04
3.553089925675587775e-04
3.538757912967773660e-04
3.524156365469369254e-04
3.509281803268997596e-04
3.493798702736208308e-04
3.478732057173860594e-04
3.463394889956994882e-04
3.448132837260575886e-04
3.432601607668074356e-04
3.417145898820250771e-04
3.401422348604412997e-04
3.385464064470149951e-04
3.369614212456886011e-04
3.353562579903245577e-04
3.337551176036465260e-04
3.321339057385317827e-04
3.305031446540880277e-04
3.288624241517915667e-04
3.272221975831816464e-04
3.255616779110715527e-04
3.238981022119196817e-04
3.222283321539161664e-04
3.205550979253598068e-04
3.188716750907589874e-04
3.171821494049981388e-04
3.154887915134528152e-04
3.137889350042309526e-04
3.120821633609357115e-04
3.103752067414687209e-04
3.086618274376969778e-04
3.069442823920887379e-04
3.052234823215476929e-04
3.034990006662224914e-04
3.017739616110342617e-04
3.000448282307998228e-04
2.983125061932872233e-04
2.965787799533470032e-04
2.948449833004636745e-04
2.931102398633733219e-04
2.913714777545635707e-04
2.896383854257302795e-04
2.878977788895764373e-04
2.861597731426492627e-04
2.844204230703238005e-04
2.826862954919795554e-04
2.809608666763871985e-04
2.792275396628169856e-04
2.774994122103503335e-04
2.757734244959935224e-04
2.740487040593085101e-04
2.723326229637589957e-04
2.706143238280032254e-04
2.688977127236236468e-04
2.671888350651112614e-04
2.654816251554137385e-04
2.637786658808161382e-04
2.620833871175938718e-04
2.603918956663730535e-04
2.587050393056052901e-04
2.570253756981660180e-04
2.553528809508318997e-04
2.536841115343019823e-04
2.520258876465892206e-04
2.503709243092707543e-04
2.487264514876375357e-04
2.470881799881103160e-04
2.454569391299916167e-04
2.438382193268186888e-04
2.422290107894165890e-04
2.406136284606917532e-04
2.390170267454505592e-04
2.374298540965207418e-04
2.358516564551606590e-04
2.342794570540968242e-04
2.327195409081471769e-04
2.311714444977988516e-04
2.296288378020356507e-04
2.280979833121909712e-04
2.265821842718578299e-04
2.250751224759432690e-04
2.235821893928399001e-04
2.220945875590912160e-04
2.206247790187392129e-04
2.191627284026932915e-04
2.177150476961783312e-04
2.162750552963045212e-04
2.148522431480630671e-04
2.134399358566362460e-04
2.120418113404427720e-04
2.106602918782458217e-04
2.092891414380535788e-04
2.079221558855939898e-04
2.065687675553146542e-04
2.052313883299798809e-04
2.039107792804637984e-04
2.026056521248238837e-04
2.013110481030862091e-04
2.000257059968418491e-04
1.987565211934201744e-04
1.975058769519294770e-04
1.962680148541252119e-04
1.950457307790673595e-04
1.938328866760998491e-04
1.926351183910670793e-04
1.914588418752193944e-04
1.902914574163274558e-04
1.891393880720437445e-04
1.880025783579083250e-04
1.868801682819979011e-04
1.857757224615893892e-04
1.846803458896110345e-04
1.835992175788233411e-04
1.825386912625401488e-04
1.814870966942300754e-04
1.804555833033183725e-04
1.794325121078121693e-04
1.784294044546410522e-04
1.774410158285630128e-04
1.764692794783594078e-04
1.755089764284433092e-04
1.745624436261260823e-04
1.736359642352493986e-04
1.727203728520095342e-04
1.718211579582387270e-04
1.709331339686505293e-04
1.700645310687205107e-04
1.692125250252711076e-04
1.683711630172610174e-04
1.675462921549333547e-04
1.667347177083439342e-04
1.659395225896034929e-04
1.651579111944965692e-04
1.643867114303560405e-04
1.636371930464807704e-04
1.628979838832152248e-04
1.621748809510845514e-04
1.614647182666387095e-04
1.607678371216970492e-04
1.600838021079942198e-04
1.594183717380737923e-04
1.587660671162521896e-04
1.581237526491127156e-04
1.574998746968628099e-04
1.568828140282456417e-04
1.562844690857009974e-04
1.556986258643564469e-04
1.551229374551620782e-04
1.545623486497256418e-04
1.540145085937165187e-04
1.534736380224637181e-04
1.529538369684471557e-04
1.524435903888240822e-04
1.519459105414276939e-04
1.514577094256867309e-04
1.509850309932816905e-04
1.505244044204462393e-04
1.500735126942023302e-04
1.496323209385939988e-04
1.492038184057316807e-04
1.487872042573947949e-04
1.483831898196539243e-04
1.479830676353063954e-04
1.476007417633053024e-04
1.472282582560921374e-04
1.468704597576936486e-04
1.465171744639514847e-04
1.461758727948524932e-04
1.458442684850795818e-04
1.455193395993924308e-04
1.452092670785401496e-04
1.449061751075173920e-04
1.446100388398636842e-04
1.443260355821108392e-04
1.440489259319463510e-04
1.437790560181124782e-04
1.435182511369475860e-04
1.432646299706402313e-04
1.430233374081775043e-04
1.427887960067312080e-04
1.425613501453068521e-04
1.423406065458913082e-04
1.421272764025947714e-04
1.419231686948222338e-04
1.417238506855482741e-04
1.415311364325483616e-04
1.413482942230278477e-04
1.411698089772299750e-04
1.409931111986806177e-04
1.408287633491642752e-04
1.406690772706061779e-04
1.405111280284968315e-04
1.403628982476016205e-04
1.402163742265872734e-04
1.400773460089213107e-04
1.399399979594096117e-04
1.398101062722605006e-04
1.396847568722568711e-04
1.395614101496454353e-04
1.394454602476863749e-04
1.393318458610436138e-04
1.392198404248440530e-04
1.391155376484897333e-04
1.390131765194924421e-04
1.389106027677321133e-04
1.388156822257240522e-04
1.387176756997245597e-04
1.386269369995898535e-04
1.385391657464467557e-04
1.384479473090229572e-04
1.383621783322423662e-04
1.382786450587464419e-04
1.381980487251481776e-04
1.381143593665901689e-04
1.380360764252635424e-04
1.379578819601201913e-04
1.378822456788084659e-04
1.378070441297743964e-04
1.377291079266854742e-04
1.376568849361631643e-04
1.375794688684307398e-04
1.375024903263099218e-04
1.374284002648533387e-04
1.373547391515821581e-04
1.372790590708982089e-04
1.372013673323195808e-04
1.371265527685008954e-04
1.370500778384929727e-04
1.369688178326932846e-04
1.368911286287677537e-04
1.368114451262638395e-04
1.367297745296027379e-04
1.366440466710521699e-04
1.365615381955251155e-04
1.364753297120446915e-04
1.363871594538703757e-04
1.362973791072920402e-04
1.362035851472471137e-04
1.361112925572328730e-04
1.360146586258499603e-04
1.359167856834168225e-04
1.358152801739790554e-04
1.357098128586533507e-04
1.356058664096438315e-04
1.354955838253849444e-04
1.353813744264584630e-04
1.352639333642588970e-04
1.351480348765610586e-04
1.350258584952462350e-04
1.348981051951348787e-04
1.347692017712351332e-04
1.346391524974925894e-04
1.345039030263674238e-04
1.343675256408524146e-04
1.342253004998714562e-04
1.340775852829417922e-04
1.339267559280540442e-04
1.337724873062308959e-04
1.336154634154533506e-04
1.334526748170458796e-04
1.332895033133886650e-04
1.331159094316988951e-04
1.329419591664799923e-04
1.327623112037213218e-04
1.325799875387413120e-04
1.323923325102047024e-04
1.321993649297742240e-04
1.320037626849349588e-04
1.318028791883026280e-04
1.315967330717456051e-04
1.313903115896950728e-04
1.311740210205063412e-04
1.309597932488614988e-04
1.307357378174784062e-04
1.305091429698148947e-04
1.302773831096075278e-04
1.300408054235290000e-04
1.297990983412633775e-04
1.295549056870062268e-04
1.293033188624452556e-04
1.290466559869223452e-04
1.287855891499948429e-04
1.285191538021726652e-04
1.282506322917516717e-04
1.279770985399080428e-04
1.276988958263329370e-04
1.274160406561548626e-04
1.271304986242272322e-04
1.268380611205212631e-04
1.265384281293310462e-04
1.262390710196755687e-04
1.259325516553580178e-04
1.256211561320998659e-04
1.253055469516287167e-04
1.249873504696601438e-04
1.246668980165503108e-04
1.243371237699087903e-04
1.240054473158479665e-04
1.236686675286093290e-04
1.233277637523465568e-04
1.229843511127841381e-04
1.226342822209546598e-04
1.222820515277232021e-04
1.219273480143045352e-04
1.215634890185876560e-04
1.211997367077519616e-04
1.208316403321525316e-04
1.204614383028724823e-04
1.200818424057860693e-04
1.197023909108883762e-04
1.193183364741196966e-04
1.189322245343278091e-04
1.185440627546090133e-04
1.181462882233816477e-04
1.177490167757807568e-04
1.173516180059459195e-04
1.169474911282189348e-04
1.165410558842371058e-04
1.161323207894580044e-04
1.157212943298965813e-04
1.153054811721243019e-04
1.148855233886427509e-04
1.144651829460608164e-04
1.140425903571239211e-04
1.136130802823641963e-04
1.131860135646562039e-04
1.127564087019941933e-04
1.123149588693975339e-04
1.118831076176709588e-04
1.114437822007230535e-04
1.110022698812691800e-04
1.105604337102370074e-04
1.101182755852016503e-04
1.096761058671108659e-04
1.092286872319669499e-04
1.087766535364970041e-04
1.083246326337110034e-04
1.078741608367985008e-04
1.074187917774853260e-04
1.069631389189696019e-04
1.065072040393553055e-04
1.060506831623593001e-04
1.055893033298822028e-04
1.051294879969248816e-04
1.046690996766144662e-04
1.042063147077338156e-04
1.037447906246142273e-04
1.032830054580079676e-04
1.028182303612820150e-04
1.023525974702940223e-04
1.018821750089153166e-04
1.014175634165945424e-04
1.009545155229597254e-04
1.004881993349868212e-04
1.000303810104217697e-04
9.956477573727097984e-05
9.910073283867924972e-05
9.863554434030282001e-05
9.817431619379135002e-05
9.770954245403767121e-05
9.724602635641646303e-05
9.678376460932723991e-05
9.632275393105014887e-05
9.586060351027984384e-05
9.540178965368388921e-05
9.494421772597001579e-05
9.448520728364807832e-05
9.402714098514585275e-05
9.357239111206092834e-05
9.311857568285888498e-05
9.266361924484199891e-05
9.221373919330951474e-05
9.176478237227225776e-05
9.131674656968093151e-05
9.086933469217562645e-05
9.042460747388804648e-05
8.998755918801633021e-05
8.954435097496311760e-05
8.910616083408937039e-05
8.866857385200798466e-05
8.823393264378646646e-05
8.780164310180535144e-05
8.736585151944806671e-05
8.694117131718428169e-05
8.651269000586921522e-05
8.608887112020783508e-05
8.566766274812529197e-05
8.525109256012350703e-05
8.483478947857608129e-05
8.442107449909939129e-05
8.401167896412665363e-05
8.360253640538479461e-05
8.320000925459982929e-05
8.279974346085177881e-05
8.239740365729707216e-05
8.200366340281345801e-05
8.161014469716341686e-05
8.122288830846057829e-05
8.083354166127887602e-05
8.045043633113286338e-05
8.007154580456917012e-05
7.969485222089701449e-05
7.931977694039822461e-05
7.895117426981482992e-05
7.858445595618230716e-05
7.822161302540373668e-05
7.786263369650501371e-05
7.750579864816791429e-05
7.715252309879176327e-05
7.680137632864675128e-05
7.645604007482540375e-05
7.611451268178470405e-05
7.577678258014108523e-05
7.544057597249086188e-05
7.511040829459086291e-05
7.478372123078972310e-05
7.446078613767386758e-05
7.413962053759989097e-05
7.382190705772817313e-05
7.351213105688808992e-05
7.320156647175590217e-05
7.289666535069222692e-05
7.259741023637264620e-05
7.229986653572058602e-05
7.200542684106199303e-05
7.171687389503333932e-05
7.142944801360651586e-05
7.114760401545778266e-05
7.087132471638666600e-05
7.059614447862380725e-05
7.032678184677375549e-05
7.005850231195942805e-05
6.979573736869821004e-05
6.953819319471746393e-05
6.928198175623986486e-05
6.903538770207868537e-05
6.878375364859553860e-05
6.853950241513927927e-05
6.830068329601507232e-05
6.806507862181139252e-05
6.783075483790822246e-05
6.760155195570358741e-05
6.737745427418757784e-05
6.715680231013065036e-05
6.694150141550022032e-05
6.672716078275267159e-05
6.651787445629939080e-05
6.631008018421361905e-05
6.610922450492486393e-05
6.590956860003288392e-05
6.571518867190709421e-05
6.552389501614119967e-05
6.533350703491402011e-05
6.515052923824396611e-05
6.496870939032469967e-05
6.478777361292162220e-05
6.461609815743981039e-05
6.444366444366444232e-05
6.427209343097194073e-05
6.411000479064245933e-05
6.394687203250596611e-05
6.378861405625859283e-05
6.363575317555607194e-05
6.348397968246472509e-05
6.333516677334928352e-05
6.318957327189631066e-05
6.304718942912277291e-05
6.290773830996528797e-05
6.276960941337262473e-05
6.263653216825882926e-05
6.250662643124255927e-05
6.237801979997775650e-05
6.225416438487263427e-05
6.212973438072627542e-05
6.201056819851956381e-05
6.189452962468456351e-05
6.177763799139678817e-05
6.166597903244575767e-05
6.155346013310541704e-05
6.144826599649182619e-05
6.134220076377178740e-05
6.123948152214109036e-05
6.113983502387812584e-05
6.104167488073177113e-05
6.094657216559813987e-05
6.085294376872906678e-05
6.076052326919035543e-05
6.066956888224561641e-05
6.058975203845207966e-05
6.049752709846568471e-05
6.041459301436450996e-05
6.033101460429093015e-05
6.025070058651332318e-05
6.017208005078625039e-05
6.009462812301655547e-05
6.001886064465808673e-05
5.994632887647548952e-05
5.987339541777439124e-05
5.980394440863638715e-05
5.973201776411502504e-05
5.966563129027324934e-05
5.959702626482841180e-05
5.953188121466486735e-05
5.946632259127913173e-05
5.940240999564681953e-05
5.934193765941631803e-05
5.927950328420505499e-05
5.921870391032792901e-05
5.915953466919489834e-05
5.909994286521720776e-05
5.904248708479158304e-05
5.898665001729484623e-05
5.892859877195400485e-05
5.887241929644755986e-05
5.881810601317969875e-05
5.876387232953363311e-05
5.871124314739804313e-05
5.865691273259121031e-05
5.860240829382503823e-05
5.854975771517887447e-05
5.849743655693597909e-05
5.844696130528773473e-05
5.839276826566214658e-05
5.833865459896166107e-05
5.828663725721570308e-05
5.823469492621766332e-05
5.818484052257123231e-05
5.813128608884296695e-05
5.807806088367210894e-05
5.802692013972862825e-05
5.797434891075351762e-05
5.792010119173701124e-05
5.786793396698349093e-05
5.781434282858570261e-05
5.776107950020993429e-05
5.770814308008516430e-05
5.765179575945462840e-05
5.759777203697343819e-05
5.754059517208971432e-05
5.748549071271487018e-05
5.742922678990069026e-05
5.736982384052639633e-05
5.731249179686435734e-05
5.725400842629220694e-05
5.719240005022079839e-05
5.713310795929835801e-05
5.707267211980123313e-05
5.701282092351061566e-05
5.694789081885856129e-05
5.688379921461230723e-05
5.681857825922670001e-05
5.675394947208654178e-05
5.668819482245401019e-05
5.661935812581752909e-05
5.654965101841152587e-05
5.648054299394744817e-05
5.640690361240986088e-05
5.633582198799590033e-05
5.626363448015307499e-05
5.618693540461421320e-05
5.611254961374501256e-05
5.603390871806536498e-05
5.595418160806240319e-05
5.587555452069280790e-05
5.579390510085796291e-05
5.571335755312927559e-05
5.562810480561395889e-05
5.554226793164846382e-05
5.545705555528738167e-05
5.536595575179417038e-05
5.527741685587967525e-05
5.518806241971448536e-05
5.509428881900970163e-05
5.500163318634656635e-05
5.490457376955564547e-05
5.481031476535581427e-05
5.471166399897315366e-05
5.461413690974598046e-05
5.451247230567366571e-05
5.440978644092564048e-05
5.430655952308256122e-05
5.420088686554416768e-05
5.409087121617921494e-05
5.398389839578552073e-05
5.387259388516798061e-05
5.376053111075030272e-05
5.364605244373659674e-05
5.353106039607009593e-05
5.341555662851354128e-05
5.329741473075708282e-05
5.317876855582847381e-05
5.305773180013697156e-05
5.293619770177812833e-05
5.281204806790934850e-05
5.268764374266727120e-05
5.255898931476153538e-05
5.242962006861386152e-05
5.230141524485237793e-05
5.216944933419903434e-05
5.203490427878088064e-05
5.190153082565768434e-05
5.176418400763597939e-05
5.162614439517795363e-05
5.148764745262971436e-05
5.134706341852648108e-05
5.120556260208937498e-05
5.106198489929529642e-05
5.091587178027442382e-05
5.077117719432643745e-05
5.062395462552981591e-05
5.047119953030649409e-05
5.032288141046562744e-05
5.017066267066266953e-05
5.001778915462240592e-05
4.986449376615930285e-05
4.970685799641487055e-05
4.955226617448810634e-05
4.939380549303359414e-05
4.923447627324794174e-05
4.907290302337301757e-05
4.891253462870864929e-05
4.874809483721519025e-05
4.858623777774214917e-05
4.842054922097208743e-05
4.825264060761178892e-05
4.808571593009202273e-05
4.791794725767567535e-05
4.774796953678312822e-05
4.757738344659221563e-05
4.740596344468833853e-05
4.723393944683789466e-05
4.706131341312377755e-05
4.688627237460014685e-05
4.671063665828063837e-05
4.653418176564917512e-05
4.635849380138834844e-05
4.617905074951771300e-05
4.600037932498216437e-05
4.582089855249000111e-05
4.563903345741662093e-05
4.545996943413524829e-05
4.527830037167898203e-05
4.509583167602623219e-05
4.491256586465389411e-05
4.472850544765514142e-05
4.454544558218244665e-05
4.435980175881073660e-05
4.417650203193390624e-05
4.399084762275044835e-05
4.380440809970238353e-05
4.361874710904084664e-05
4.343029766655481219e-05
4.324285218196550053e-05
4.305462891302607294e-05
4.286696341641704343e-05
4.267985436645367180e-05
4.249041747944005075e-05
4.230331228536612313e-05
4.211344142548835396e-05
4.192589919243732902e-05
4.173581874290805137e-05
4.154629763699996486e-05
4.135755506894506206e-05
4.116914847445379252e-05
4.097997663368324226e-05
4.079114143948969420e-05
4.060132404123008700e-05
4.041206385299676157e-05
4.022335955933303608e-05
4.003345724255537004e-05
3.984564357419477948e-05
3.965663295272307224e-05
3.946992436853626160e-05
3.928027343323715599e-05
3.909095944153778072e-05
3.890219954835255422e-05
3.871529833334494392e-05
3.852720662422154960e-05
3.833966592587282154e-05
3.815549645336196403e-05
3.797013545382713426e-05
3.778336985805185995e-05
3.759866676766911446e-05
3.741407457861675826e-05
3.722980925272070118e-05
3.704587011811995924e-05
3.686355028784520793e-05
3.668155290863380456e-05
3.649987731857138495e-05
3.631981304343712315e-05
3.613856302496817180e-05
3.595892101559049149e-05
3.577938174394867135e-05
3.560165903988208843e-05
3.542403579389231673e-05
3.524629811868344731e-05
3.507058297719245488e-05
3.489624465855293775e-05
3.472050735809988179e-05
3.454635787973808959e-05
3.437549488554414727e-05
3.420450698282916498e-05
3.403211996439141628e-05
3.386279550080979208e-05
3.369504085751149480e-05
3.352715691234886341e-05
3.335935591568513843e-05
3.319290676648796261e-05
3.303118661257606873e-05
3.286784971223215789e-05
3.270437704813618636e-05
3.254245487964041201e-05
3.238186862924243475e-05
3.222282514964518299e-05
3.206363935513397486e-05
3.190578140476383169e-05
3.174924785094276945e-05
3.159424480934778416e-05
3.144202444932491072e-05
3.128818674434433574e-05
3.113733387166479525e-05
3.098924905397855564e-05
3.083933574055416042e-05
3.069239249816080068e-05
3.054507990551926026e-05
3.040072759709893112e-05
3.025600225462553257e-05
3.011422745404219016e-05
2.997373563862230298e-05
2.983286531642336849e-05
2.969327435087055534e-05
2.955640768138052601e-05
2.942081111248914807e-05
2.928482920986328575e-05
2.915320878421624447e-05
2.901975384074973577e-05
2.889044225289223903e-05
2.876094176327518171e-05
2.863248653949340629e-05
2.850671706812700140e-05
2.838054805854888757e-05
2.825705611431495723e-05
2.813480025154192462e-05
2.801357261409939396e-05
2.789357503130410326e-05
2.777480431675721486e-05
2.765684909447377565e-05
2.754011513027093832e-05
2.742602537669809598e-05
2.731151961622448168e-05
2.720127647130359674e-05
2.709040823350756540e-05
2.697911972359921931e-05
2.687207693961408625e-05
2.676602644505783472e-05
2.665954854594771266e-05
2.655406039540837070e-05
2.645137822326408371e-05
2.634947555447873194e-05
2.624875385844961298e-05
2.615062086890205522e-05
2.605204932854255677e-05
2.595605823762189200e-05
2.585962577862287059e-05
2.576576554866342398e-05
2.567447075233504408e-05
2.558413093096512347e-05
2.549494391136373394e-05
2.540530589539486176e-05
2.531661765893658666e-05
2.523067445988199793e-05
2.514267947239627666e-05
2.505722420723537587e-05
2.497589564607636818e-05
2.489848381532871314e-05
2.481781957784810272e-05
2.473828261900958811e-05
2.465967152197992131e-05
2.458376881840916876e-05
2.450739702010913169e-05
2.443214123378422906e-05
2.435938313429930935e-05
2.428615186996690027e-05
2.421422577619823248e-05
2.414478506888195791e-05
2.407644356567402981e-05
2.400781999825924782e-05
2.394166960141812256e-05
2.387523391674922554e-05
2.380969214767610304e-05
2.374700420265188293e-05
2.368382978272913779e-05
2.362193311317169791e-05
2.356091947724595068e-05
2.350117765939267086e-05
2.344114152516182023e-05
2.338081192450685466e-05
2.332311484488958322e-05
2.326784854914476053e-05
2.321247602209996317e-05
2.315660862198136154e-05
2.310199662190260040e-05
2.304999582575335276e-05
2.299788367793884755e-05
2.294527291445724293e-05
2.289545677053964902e-05
2.284397815973604476e-05
2.279644717639440395e-05
2.274879777515981296e-05
2.269929369340999229e-05
2.265256681792926204e-05
2.260572059045042563e-05
2.256010253804762008e-05
2.251417122376304778e-05
2.246811963785737612e-05
2.242463538949434953e-05
2.238121867791557654e-05
2.233461200933522880e-05
2.228941841788376177e-05
2.224965101924568028e-05
2.220688690408847754e-05
2.216552560589257900e-05
2.212689891468786523e-05
2.209099971599518816e-05
2.205077459944558733e-05
2.201175289541201696e-05
2.197412161116562963e-05
2.193369840428663795e-05
2.189751239249087427e-05
2.186119146470399827e-05
2.182340988150813663e-05
2.178833571640297572e-05
2.174915369631408641e-05
2.171267690796062076e-05
2.167908713432870703e-05
2.164271812575521193e-05
2.160791178173396813e-05
2.157296939021450949e-05
2.153394050792707107e-05
2.150042237302587152e-05
2.146995918532925432e-05
2.143653835905465183e-05
2.140204245011520989e-05
2.136890946929890863e-05
2.133451568323004469e-05
2.130166936691514854e-05
2.126887185690141263e-05
2.123481634001691350e-05
2.120230381569474429e-05
2.116983950570350639e-05
2.113630617080565000e-05
2.110412501892867761e-05
2.107366433212888891e-05
2.104064835311770978e-05
2.100619702295002637e-05
2.097494885990115583e-05
2.094245007827880194e-05
2.090999944478374499e-05
2.087796669717730395e-05
2.084875259625592229e-05
2.081718124452674911e-05
2.078436536778907625e-05
2.075030820573585161e-05
2.071795891538380909e-05
2.068602540300653629e-05
2.065009532113997235e-05
2.061715757410808838e-05
2.058445216325467171e-05
2.055069519814613877e-05
2.051717164612165310e-05
2.048278282971925218e-05
2.044844531909734392e-05
2.041726503034754328e-05
2.038229699485572983e-05
2.034756362922703776e-05
2.031324660953845096e-05
2.027916282470913978e-05
2.024531171543549711e-05
2.021187449671627245e-05
2.017612587726037157e-05
2.014333423581083892e-05
2.010551447098080254e-05
2.006811409110259491e-05
2.003239906965799950e-05
1.999565245068678102e-05
1.996058729484143980e-05
1.992322749280460876e-05
1.988610433160703950e-05
1.984813585226678721e-05
1.981058480572625319e-05
1.977201075388381631e-05
1.973385453576632849e-05
1.969611513065720420e-05
1.965735575991213184e-05
1.961775837316884766e-05
1.957840013788640516e-05
1.953963851910409330e-05
1.949843136834047063e-05
1.945907402079137267e-05
1.941888341420368335e-05
1.937768329165667547e-05
1.933547625295198248e-05
1.929511464005001379e-05
1.925392444214284104e-05
1.921048532613373004e-05
1.916871152346983937e-05
1.912469366301813712e-05
1.908251673834966472e-05
1.903810030125819769e-05
1.899552246628393099e-05
1.895070964984380517e-05
1.890755634085888341e-05
1.886358578740449329e-05
1.881880009458634316e-05
1.877302504327747103e-05
1.872784871005897335e-05
1.868168542838393831e-05
1.863594473288027794e-05
1.858921978487367851e-05
1.854186426827910653e-05
1.849475698559828867e-05
1.844824793704815421e-05
1.839935828614763536e-05
1.835106894928506413e-05
1.830442755651418631e-05
1.825436368896461009e-05
1.820594807816309170e-05
1.815656050355533971e-05
1.810777182569417849e-05
1.805662058095713765e-05
1.800867987959650730e-05
1.795837923849977839e-05
1.790728775878838217e-05
1.785783701235596257e-05
1.780620827916206021e-05
1.775500579867727178e-05
1.770284371379923891e-05
1.765231890023903345e-05
1.759979814842657774e-05
1.754753125495359922e-05
1.749430992385166711e-05
1.744272240449367054e-05
1.739018101207608400e-05
1.733565556207630607e-05
1.728259022872640958e-05
1.722857600380470669e-05
1.717498869524403788e-05
1.712174153188526028e-05
1.706753115873472677e-05
1.701366150912274214e-05
1.695884849287494553e-05
1.690435964796204238e-05
1.684891304719182687e-05
1.679505429420941189e-05
1.673897642804104361e-05
1.668320693546193964e-05
1.662898801229689572e-05
1.657253921268415665e-05
1.651639880674140039e-05
1.646178893602509100e-05
1.640493853809660589e-05
1.634963439439556201e-05
1.629209466545361649e-05
1.623731872097885297e-05
1.617904154668860407e-05
1.612354184242974792e-05
1.606703026483631561e-05
1.601077480389890721e-05
1.595475802726386983e-05
1.589771604027402025e-05
1.584091375004502354e-05
1.578559509959332732e-05
1.572799252582689718e-05
1.567187258648363560e-05
1.561469853153589450e-05
1.555773017091068673e-05
1.550098380556223413e-05
1.544440874358639492e-05
1.538803806389798663e-05
1.533060155760002528e-05
1.527460596007916864e-05
1.521751241669936009e-05
1.516060699494170827e-05
1.510262366880656757e-05
1.504725906727819588e-05
1.499081592004729731e-05
1.493452622422986543e-05
1.487835646361483143e-05
1.482232298639352018e-05
1.476518263977547382e-05
1.471063065855580043e-05
1.465495476506322805e-05
1.459815775465603306e-05
1.454390937651757770e-05
1.448853949392818661e-05
1.443323824610737601e-05
1.437925782094478691e-05
1.432410895392639694e-05
1.426904481064176617e-05
1.421403236427246918e-05
1.415907154340043683e-05
1.410416227673721465e-05
1.405050152252301045e-05
1.399689024260367758e-05
1.394329562733534235e-05
1.388973404679928339e-05
1.383617278409572080e-05
1.378383675069204515e-05
1.373029160751293288e-05
1.367793718364038130e-05
1.362437573374806002e-05
1.357322412217428715e-05
1.351962940311520003e-05
1.346842454265319789e-05
1.341596617776162448e-05
1.336431813690062539e-05
1.331359200696783245e-05
1.326294319864436327e-05
1.321211257893297014e-05
1.316207108824293486e-05
1.311171791062722211e-05
1.306189355350035427e-05
1.301237089781383510e-05
1.296276232992991580e-05
1.291377691632090737e-05
1.286509127644080863e-05
1.281654390111076050e-05
1.276826306984458161e-05
1.272036059298083407e-05
1.267261097932904152e-05
1.262546280516603893e-05
1.257833798050845741e-05
1.253168467386954836e-05
1.248518192722910684e-05
1.243903717489822613e-05
1.239323363522525944e-05
1.234793008772859101e-05
1.230272681474112506e-05
1.225776698797138286e-05
1.221338432755403772e-05
